SP0008,SP0008-00001
SP0008,SP0008-00002
SP0009,SP0009-00001
SP0009,SP0009-00002
SP0009,SP0009-00003
SP0009,SP0009-00004
SP0010,SP0010-00001
SP0010,SP0010-00003
SP0011,SP0011-00001
SP0011,SP0011-00002
